['KEI.NS', 44.74, 4304.5, 4825.9, 2267.85, 57.43, 4668.14, 5049.84, 4309.27, 8.45, 4668.14, 5049.84, 4309.27, 8.45, 5868.21, 7471.04, 4304.5, 36.33, 5868.21, 7471.04, 4304.5, 36.33, 0, 0, 0, 0, 'NA', 'Sell', 'Buy', 'Buy', 'Buy', 'N']
['GLS.NS', 14.0, 998.6, 998.6, 588.34, 79.22, 1086.15, 1177.1, 999.97, 8.77, 1086.15, 1177.1, 999.97, 8.77, 1050.2, 1104.03, 997.74, 5.17, 1050.2, 1104.03, 997.74, 5.17, 0, 0, 0, 0, 'NA', 'Sell', 'Buy', 'Buy', 'Buy', 'N']
['NMDC.NS', 29.21, 229.63, 282.2, 106.07, 46.81, 261.49, 295.58, 230.11, 13.88, 261.49, 295.58, 230.11, 13.88, 241.92, 254.22, 229.63, 5.35, 241.92, 254.22, 229.63, 5.35, 0, 0, 0, 0, 'NA', 'Sell', 'Sell', 'Buy', 'Sell', 'N']
['IRCTC.NS', 39.2, 924.4, 1126.0, 633.45, 26.71, 1013.14, 1106.75, 925.08, 9.6, 1013.14, 1106.75, 925.08, 9.6, 971.98, 1017.58, 924.4, 5.15, 971.98, 1017.58, 924.4, 5.15, 0, 0, 0, 0, 'NA', 'Sell', 'Sell', 'Buy', 'Sell', 'N']
['NEWGEN.NS', 40.61, 1046.75, 1087.55, 406.37, 59.38, 1150.91, 1259.87, 1048.37, 9.95, 1150.91, 1259.87, 1048.37, 9.95, 1950.66, 2855.48, 1046.75, 86.35, 1950.66, 2855.48, 1046.75, 86.35, 0, 0, 0, 0, 'NA', 'Sell', 'Sell', 'Buy', 'Buy', 'N']
['COLPAL.NS', 23.45, 3459.9, 3467.25, 1908.5, 81.44, 4027.44, 4637.95, 3468.69, 16.4, 4027.44, 4637.95, 3468.69, 16.4, 4270.83, 5072.39, 3459.9, 23.44, 4270.83, 5072.39, 3459.9, 23.44, 0, 0, 0, 0, 'NA', 'Sell', 'Buy', 'Buy', 'Buy', 'N']
['RAINBOW.NS', 45.93, 1241.25, 1567.19, 1006.66, 69.06, 1366.22, 1497.05, 1243.19, 10.07, 1366.22, 1497.05, 1243.19, 10.07, 1320.06, 1398.87, 1241.25, 6.35, 1320.06, 1398.87, 1241.25, 6.35, 0, 0, 0, 0, 'NA', 'Sell', 'Buy', 'Buy', 'Sell', 'N']
['PRUDENT.NS', 65.18, 2344.35, 2387.8, 1077.0, 65.11, 2607.14, 2884.06, 2348.4, 11.21, 2607.14, 2884.06, 2348.4, 11.21, 2480.95, 2610.44, 2344.35, 5.83, 2480.95, 2610.44, 2344.35, 5.83, 0, 0, 0, 0, 'NA', 'Sell', 'Sell', 'Buy', 'Buy', 'N']
['NITIRAJ.NS', 26.46, 289.75, 294.75, 97.15, 61.04, 371.81, 469.47, 291.72, 28.32, 371.81, 469.47, 291.72, 28.32, 331.5, 375.45, 289.18, 14.41, 331.5, 375.45, 289.18, 14.41, 0, 0, 0, 0, 'NA', 'Sell', 'Sell', 'Buy', 'Buy', 'N']
['MONARCH.NS', 58.43, 696.75, 718.45, 318.06, 66.87, 835.83, 987.23, 702.1, 19.96, 835.83, 987.23, 702.1, 19.96, 754.85, 812.96, 696.75, 8.34, 754.85, 812.96, 696.75, 8.34, 0, 0, 0, 0, 'NA', 'Sell', 'Buy', 'Buy', 'Sell', 'N']
['ISMTLTD.NS', 67.63, 120.19, 149.07, 71.48, 22.49, 133.42, 148.17, 119.8, 11.0, 133.42, 148.17, 119.8, 11.0, 128.62, 132.52, 120.19, 7.02, 128.62, 132.52, 120.19, 7.02, 0, 0, 0, 0, 'NA', 'Sell', 'Sell', 'Buy', 'Sell', 'N']
['CMSINFO.NS', 33.65, 548.55, 588.35, 341.11, 52.42, 605.43, 665.08, 549.43, 10.37, 605.43, 665.08, 549.43, 10.37, 581.25, 613.96, 548.55, 5.96, 581.25, 613.96, 548.55, 5.96, 0, 0, 0, 0, 'NA', 'Sell', 'Sell', 'Buy', 'Sell', 'N']
['KPIGREEN.NS', 131.97, 1098.8, 1098.8, 263.09, 72.15, 1434.78, 1823.73, 1105.09, 30.58, 1434.78, 1823.73, 1105.09, 30.58, 2304.27, 3516.9, 1098.8, 109.71, 2304.27, 3516.9, 1098.8, 109.71, 0, 0, 0, 0, 'NA', 'Sell', 'Buy', 'Buy', 'Sell', 'N']
['JSLHISAR.NS', 59.68, 562.8, 562.8, 195.65, 88.76, 647.58, 738.88, 564.08, 15.06, 647.58, 738.88, 564.08, 15.06, 594.07, 625.22, 562.8, 5.56, 594.07, 625.22, 562.8, 5.56, 0, 0, 0, 0, 'NA', 'Sell', 'Sell', 'Buy', 'Sell', 'N']
['CHOICEIN.NS', 72.48, 400.05, 405.65, 176.65, 63.93, 467.8, 540.48, 401.77, 16.94, 467.8, 540.48, 401.77, 16.94, 429.76, 458.37, 400.05, 7.43, 429.76, 458.37, 400.05, 7.43, 0, 0, 0, 0, 'NA', 'Sell', 'Sell', 'Buy', 'Buy', 'N']
['ASIANENE.NS', 35.26, 362.4, 362.4, 123.0, 68.06, 510.9, 719.13, 365.87, 40.98, 510.9, 719.13, 365.87, 40.98, 455.5, 549.57, 362.4, 25.69, 455.5, 549.57, 362.4, 25.69, 0, 0, 0, 0, 'NA', 'Sell', 'Buy', 'Buy', 'Buy', 'N']
['ANANTRAJ.NS', 78.5, 514.25, 559.1, 188.53, 47.89, 586.68, 665.51, 514.72, 14.09, 586.68, 665.51, 514.72, 14.09, 581.22, 646.98, 513.86, 13.02, 581.22, 646.98, 513.86, 13.02, 0, 0, 0, 0, 'NA', 'Sell', 'Sell', 'Buy', 'Sell', 'N']
['DEEPAKNTR.NS', 49.56, 3015.65, 3102.6, 1944.99, 52.37, 3341.7, 3651.21, 3019.73, 10.81, 3341.7, 3651.21, 3019.73, 10.81, 3170.75, 3324.99, 3014.4, 5.14, 3170.75, 3324.99, 3014.4, 5.14, 0, 0, 0, 0, 'NA', 'Sell', 'Sell', 'Buy', 'Sell', 'N']
['AMBUJACEM.NS', 24.79, 635.45, 695.0, 405.43, 35.53, 701.31, 771.16, 635.68, 10.36, 701.31, 771.16, 635.68, 10.36, 669.61, 703.76, 635.45, 5.38, 669.61, 703.76, 635.45, 5.38, 0, 0, 0, 0, 'NA', 'Buy', 'Sell', 'Buy', 'Sell', 'N']
['PHOENIXLTD.NS', 33.27, 3329.3, 4095.3, 1657.48, 35.3, 3599.8, 3890.84, 3332.08, 8.12, 3599.8, 3890.84, 3332.08, 8.12, 3600.91, 3876.8, 3321.76, 8.16, 3600.91, 3876.8, 3321.76, 8.16, 0, 0, 0, 0, 'NA', 'Buy', 'Sell', 'Buy', 'Sell', 'N']
['OBEROIRLTY.NS', 25.06, 1814.15, 1930.77, 1062.49, 59.15, 2281.38, 2819.9, 1822.51, 25.75, 2281.38, 2819.9, 1822.51, 25.75, 2993.73, 4180.36, 1814.15, 65.02, 2993.73, 4180.36, 1814.15, 65.02, 0, 0, 0, 0, 'NA', 'Sell', 'Buy', 'Buy', 'Buy', 'N']
['NATIONALUM.NS', 33.83, 174.21, 206.31, 83.96, 37.13, 195.83, 218.92, 174.4, 12.41, 195.98, 219.09, 174.54, 12.5, 206.58, 238.87, 174.21, 18.58, 206.58, 238.87, 174.21, 18.58, 0, 0, 0, 0, 'NA', 'Buy', 'Sell', 'Buy', 'Sell', 'N']
